{
 "cells": [
  {
   "cell_type": "markdown",
   "metadata": {},
   "source": [
    "# Project Report #\n",
    "## About Dataset ##\n",
    "I decided to choose the [Titanic data](https://www.udacity.com/api/nodes/5420148578/supplemental_media/titanic-datacsv/download) just out of curiosity.\n",
    "Data contains the demographics and passenger information from 891 of the 2224 passengers and crew on board the Titanic. Description of the data can be found [here](https://www.kaggle.com/c/titanic/data)\n",
    "\n",
    "## Questions  ##\n",
    "* How the survival of the titanic boat passenger is related to his **sex**, **age**? In general we can assume that Females were given priority over Males in the rescue process.   \n",
    "* Do other factors like **sibsp**(Number of Siblings/Spouses Aboard), **parch**(Number of Parents/Children Aboard), **pcalss**(Passenger Class) affect the survival rate ?"
   ]
  },
  {
   "cell_type": "markdown",
   "metadata": {},
   "source": [
    "## Data Wrangling  ##\n"
   ]
  },
  {
   "cell_type": "code",
   "execution_count": 1,
   "metadata": {
    "collapsed": false
   },
   "outputs": [
    {
     "name": "stdout",
     "output_type": "stream",
     "text": [
      "   PassengerId  Survived  Pclass  \\\n",
      "0            1         0       3   \n",
      "1            2         1       1   \n",
      "2            3         1       3   \n",
      "3            4         1       1   \n",
      "4            5         0       3   \n",
      "\n",
      "                                                Name     Sex  Age  SibSp  \\\n",
      "0                            Braund, Mr. Owen Harris    male   22      1   \n",
      "1  Cumings, Mrs. John Bradley (Florence Briggs Th...  female   38      1   \n",
      "2                             Heikkinen, Miss. Laina  female   26      0   \n",
      "3       Futrelle, Mrs. Jacques Heath (Lily May Peel)  female   35      1   \n",
      "4                           Allen, Mr. William Henry    male   35      0   \n",
      "\n",
      "   Parch            Ticket     Fare Cabin Embarked  \n",
      "0      0         A/5 21171   7.2500   NaN        S  \n",
      "1      0          PC 17599  71.2833   C85        C  \n",
      "2      0  STON/O2. 3101282   7.9250   NaN        S  \n",
      "3      0            113803  53.1000  C123        S  \n",
      "4      0            373450   8.0500   NaN        S  \n"
     ]
    },
    {
     "data": {
      "text/html": [
       "<div>\n",
       "<table border=\"1\" class=\"dataframe\">\n",
       "  <thead>\n",
       "    <tr style=\"text-align: right;\">\n",
       "      <th></th>\n",
       "      <th>PassengerId</th>\n",
       "      <th>Survived</th>\n",
       "      <th>Pclass</th>\n",
       "      <th>Age</th>\n",
       "      <th>SibSp</th>\n",
       "      <th>Parch</th>\n",
       "      <th>Fare</th>\n",
       "    </tr>\n",
       "  </thead>\n",
       "  <tbody>\n",
       "    <tr>\n",
       "      <th>count</th>\n",
       "      <td>891.000000</td>\n",
       "      <td>891.000000</td>\n",
       "      <td>891.000000</td>\n",
       "      <td>714.000000</td>\n",
       "      <td>891.000000</td>\n",
       "      <td>891.000000</td>\n",
       "      <td>891.000000</td>\n",
       "    </tr>\n",
       "    <tr>\n",
       "      <th>mean</th>\n",
       "      <td>446.000000</td>\n",
       "      <td>0.383838</td>\n",
       "      <td>2.308642</td>\n",
       "      <td>29.699118</td>\n",
       "      <td>0.523008</td>\n",
       "      <td>0.381594</td>\n",
       "      <td>32.204208</td>\n",
       "    </tr>\n",
       "    <tr>\n",
       "      <th>std</th>\n",
       "      <td>257.353842</td>\n",
       "      <td>0.486592</td>\n",
       "      <td>0.836071</td>\n",
       "      <td>14.526497</td>\n",
       "      <td>1.102743</td>\n",
       "      <td>0.806057</td>\n",
       "      <td>49.693429</td>\n",
       "    </tr>\n",
       "    <tr>\n",
       "      <th>min</th>\n",
       "      <td>1.000000</td>\n",
       "      <td>0.000000</td>\n",
       "      <td>1.000000</td>\n",
       "      <td>0.420000</td>\n",
       "      <td>0.000000</td>\n",
       "      <td>0.000000</td>\n",
       "      <td>0.000000</td>\n",
       "    </tr>\n",
       "    <tr>\n",
       "      <th>25%</th>\n",
       "      <td>223.500000</td>\n",
       "      <td>0.000000</td>\n",
       "      <td>2.000000</td>\n",
       "      <td>20.125000</td>\n",
       "      <td>0.000000</td>\n",
       "      <td>0.000000</td>\n",
       "      <td>7.910400</td>\n",
       "    </tr>\n",
       "    <tr>\n",
       "      <th>50%</th>\n",
       "      <td>446.000000</td>\n",
       "      <td>0.000000</td>\n",
       "      <td>3.000000</td>\n",
       "      <td>28.000000</td>\n",
       "      <td>0.000000</td>\n",
       "      <td>0.000000</td>\n",
       "      <td>14.454200</td>\n",
       "    </tr>\n",
       "    <tr>\n",
       "      <th>75%</th>\n",
       "      <td>668.500000</td>\n",
       "      <td>1.000000</td>\n",
       "      <td>3.000000</td>\n",
       "      <td>38.000000</td>\n",
       "      <td>1.000000</td>\n",
       "      <td>0.000000</td>\n",
       "      <td>31.000000</td>\n",
       "    </tr>\n",
       "    <tr>\n",
       "      <th>max</th>\n",
       "      <td>891.000000</td>\n",
       "      <td>1.000000</td>\n",
       "      <td>3.000000</td>\n",
       "      <td>80.000000</td>\n",
       "      <td>8.000000</td>\n",
       "      <td>6.000000</td>\n",
       "      <td>512.329200</td>\n",
       "    </tr>\n",
       "  </tbody>\n",
       "</table>\n",
       "</div>"
      ],
      "text/plain": [
       "       PassengerId    Survived      Pclass         Age       SibSp  \\\n",
       "count   891.000000  891.000000  891.000000  714.000000  891.000000   \n",
       "mean    446.000000    0.383838    2.308642   29.699118    0.523008   \n",
       "std     257.353842    0.486592    0.836071   14.526497    1.102743   \n",
       "min       1.000000    0.000000    1.000000    0.420000    0.000000   \n",
       "25%     223.500000    0.000000    2.000000   20.125000    0.000000   \n",
       "50%     446.000000    0.000000    3.000000   28.000000    0.000000   \n",
       "75%     668.500000    1.000000    3.000000   38.000000    1.000000   \n",
       "max     891.000000    1.000000    3.000000   80.000000    8.000000   \n",
       "\n",
       "            Parch        Fare  \n",
       "count  891.000000  891.000000  \n",
       "mean     0.381594   32.204208  \n",
       "std      0.806057   49.693429  \n",
       "min      0.000000    0.000000  \n",
       "25%      0.000000    7.910400  \n",
       "50%      0.000000   14.454200  \n",
       "75%      0.000000   31.000000  \n",
       "max      6.000000  512.329200  "
      ]
     },
     "execution_count": 1,
     "metadata": {},
     "output_type": "execute_result"
    }
   ],
   "source": [
    "import pandas as pd\n",
    "import numpy as np\n",
    "from matplotlib import pyplot as plt\n",
    "\n",
    "data_file = 'titanic_data.csv'\n",
    "# reading data file\n",
    "titanic = pd.read_csv(data_file)\n",
    "# Top 5 rows of titanic\n",
    "print titanic.head(5)\n",
    "# High level descriptors of the data\n",
    "titanic.describe()"
   ]
  },
  {
   "cell_type": "markdown",
   "metadata": {},
   "source": [
    "### Missing Data ###\n",
    "The `describe(titanic)` gives some important information about the data like count, mean, min, max, standard deviation of every column.\n",
    "Looking into the **Age** columns in output above, we can see that count is `714` and for others it is `891`. So there are missing cells in Age. As **Age** can be an important factor influencing the survival, so we can't ignore it. We should fill some value in all the empty cells of **Age** column. Here , we will put median in emply cells. Pandas fillna function can be used in this scenario. \n"
   ]
  },
  {
   "cell_type": "code",
   "execution_count": 2,
   "metadata": {
    "collapsed": false
   },
   "outputs": [
    {
     "data": {
      "text/html": [
       "<div>\n",
       "<table border=\"1\" class=\"dataframe\">\n",
       "  <thead>\n",
       "    <tr style=\"text-align: right;\">\n",
       "      <th></th>\n",
       "      <th>PassengerId</th>\n",
       "      <th>Survived</th>\n",
       "      <th>Pclass</th>\n",
       "      <th>Age</th>\n",
       "      <th>SibSp</th>\n",
       "      <th>Parch</th>\n",
       "      <th>Fare</th>\n",
       "    </tr>\n",
       "  </thead>\n",
       "  <tbody>\n",
       "    <tr>\n",
       "      <th>count</th>\n",
       "      <td>891.000000</td>\n",
       "      <td>891.000000</td>\n",
       "      <td>891.000000</td>\n",
       "      <td>891.000000</td>\n",
       "      <td>891.000000</td>\n",
       "      <td>891.000000</td>\n",
       "      <td>891.000000</td>\n",
       "    </tr>\n",
       "    <tr>\n",
       "      <th>mean</th>\n",
       "      <td>446.000000</td>\n",
       "      <td>0.383838</td>\n",
       "      <td>2.308642</td>\n",
       "      <td>29.361582</td>\n",
       "      <td>0.523008</td>\n",
       "      <td>0.381594</td>\n",
       "      <td>32.204208</td>\n",
       "    </tr>\n",
       "    <tr>\n",
       "      <th>std</th>\n",
       "      <td>257.353842</td>\n",
       "      <td>0.486592</td>\n",
       "      <td>0.836071</td>\n",
       "      <td>13.019697</td>\n",
       "      <td>1.102743</td>\n",
       "      <td>0.806057</td>\n",
       "      <td>49.693429</td>\n",
       "    </tr>\n",
       "    <tr>\n",
       "      <th>min</th>\n",
       "      <td>1.000000</td>\n",
       "      <td>0.000000</td>\n",
       "      <td>1.000000</td>\n",
       "      <td>0.420000</td>\n",
       "      <td>0.000000</td>\n",
       "      <td>0.000000</td>\n",
       "      <td>0.000000</td>\n",
       "    </tr>\n",
       "    <tr>\n",
       "      <th>25%</th>\n",
       "      <td>223.500000</td>\n",
       "      <td>0.000000</td>\n",
       "      <td>2.000000</td>\n",
       "      <td>22.000000</td>\n",
       "      <td>0.000000</td>\n",
       "      <td>0.000000</td>\n",
       "      <td>7.910400</td>\n",
       "    </tr>\n",
       "    <tr>\n",
       "      <th>50%</th>\n",
       "      <td>446.000000</td>\n",
       "      <td>0.000000</td>\n",
       "      <td>3.000000</td>\n",
       "      <td>28.000000</td>\n",
       "      <td>0.000000</td>\n",
       "      <td>0.000000</td>\n",
       "      <td>14.454200</td>\n",
       "    </tr>\n",
       "    <tr>\n",
       "      <th>75%</th>\n",
       "      <td>668.500000</td>\n",
       "      <td>1.000000</td>\n",
       "      <td>3.000000</td>\n",
       "      <td>35.000000</td>\n",
       "      <td>1.000000</td>\n",
       "      <td>0.000000</td>\n",
       "      <td>31.000000</td>\n",
       "    </tr>\n",
       "    <tr>\n",
       "      <th>max</th>\n",
       "      <td>891.000000</td>\n",
       "      <td>1.000000</td>\n",
       "      <td>3.000000</td>\n",
       "      <td>80.000000</td>\n",
       "      <td>8.000000</td>\n",
       "      <td>6.000000</td>\n",
       "      <td>512.329200</td>\n",
       "    </tr>\n",
       "  </tbody>\n",
       "</table>\n",
       "</div>"
      ],
      "text/plain": [
       "       PassengerId    Survived      Pclass         Age       SibSp  \\\n",
       "count   891.000000  891.000000  891.000000  891.000000  891.000000   \n",
       "mean    446.000000    0.383838    2.308642   29.361582    0.523008   \n",
       "std     257.353842    0.486592    0.836071   13.019697    1.102743   \n",
       "min       1.000000    0.000000    1.000000    0.420000    0.000000   \n",
       "25%     223.500000    0.000000    2.000000   22.000000    0.000000   \n",
       "50%     446.000000    0.000000    3.000000   28.000000    0.000000   \n",
       "75%     668.500000    1.000000    3.000000   35.000000    1.000000   \n",
       "max     891.000000    1.000000    3.000000   80.000000    8.000000   \n",
       "\n",
       "            Parch        Fare  \n",
       "count  891.000000  891.000000  \n",
       "mean     0.381594   32.204208  \n",
       "std      0.806057   49.693429  \n",
       "min      0.000000    0.000000  \n",
       "25%      0.000000    7.910400  \n",
       "50%      0.000000   14.454200  \n",
       "75%      0.000000   31.000000  \n",
       "max      6.000000  512.329200  "
      ]
     },
     "execution_count": 2,
     "metadata": {},
     "output_type": "execute_result"
    }
   ],
   "source": [
    "# Fill empty cells of Age column with median\n",
    "titanic['Age'] = titanic['Age'].fillna(titanic['Age'].median())\n",
    "titanic.describe()"
   ]
  },
  {
   "cell_type": "markdown",
   "metadata": {},
   "source": [
    "After filling empty cells, we can see that **Age** column count is now 891.\n",
    "\n",
    "\n",
    "### Dealing with non numberic data ###\n",
    "We have many columns with non-numeric data **Name** , **Sex**, **Ticket**, **Cabin** and **Embarked**. We can ignore **Name** , **Ticket**, **Passengerid**, **Fare**  and **Cabin** columns as enough information can't be extracted from these columns. For example **Name** column won't give any information if we don't know which Name corresponds to rich or poor people.\n",
    "**Sex** column is non-numeric but it is an important column. We can assume that Females were given priority over Males while rescuing. So to validate this hypothesis, we will keep this column. As it is good practice to convert values to numeric data so that we can do mathematical operations, we will convert **Sex** column to numeric value ( Male = 0 , Female =1 ).\n",
    "   "
   ]
  },
  {
   "cell_type": "code",
   "execution_count": 3,
   "metadata": {
    "collapsed": false
   },
   "outputs": [
    {
     "name": "stdout",
     "output_type": "stream",
     "text": [
      "['male' 'female']\n"
     ]
    }
   ],
   "source": [
    "# First delete column Name, Ticket, Cabin\n",
    "titanic = titanic.drop('Name', 1)\n",
    "titanic = titanic.drop('Ticket', 1)\n",
    "titanic = titanic.drop('Cabin', 1)\n",
    "titanic = titanic.drop('PassengerId', 1)\n",
    "titanic = titanic.drop('Fare', 1)\n",
    "# Replacing male with 0 and female with 1 in Sex column\n",
    "print(titanic[\"Sex\"].unique())\n",
    "titanic.loc[titanic['Sex'] == 'male', 'Sex'] = 0\n",
    "titanic.loc[titanic['Sex'] == 'female', 'Sex'] = 1"
   ]
  },
  {
   "cell_type": "markdown",
   "metadata": {},
   "source": [
    "Similarly we will convert **Embarked** column. First lets what all unique values are there in **Embarked** column."
   ]
  },
  {
   "cell_type": "code",
   "execution_count": 4,
   "metadata": {
    "collapsed": false
   },
   "outputs": [
    {
     "name": "stdout",
     "output_type": "stream",
     "text": [
      "['S' 'C' 'Q' nan]\n"
     ]
    }
   ],
   "source": [
    "print(titanic[\"Embarked\"].unique())"
   ]
  },
  {
   "cell_type": "markdown",
   "metadata": {},
   "source": [
    "Now lets see which value is most common in the **Embarked** column.\n"
   ]
  },
  {
   "cell_type": "code",
   "execution_count": 5,
   "metadata": {
    "collapsed": false
   },
   "outputs": [
    {
     "data": {
      "text/plain": [
       "S    644\n",
       "C    168\n",
       "Q     77\n",
       "Name: Embarked, dtype: int64"
      ]
     },
     "execution_count": 5,
     "metadata": {},
     "output_type": "execute_result"
    }
   ],
   "source": [
    "titanic['Embarked'].value_counts()"
   ]
  },
  {
   "cell_type": "markdown",
   "metadata": {},
   "source": [
    "As 'S' is most common, it is good to assign 'S' to cells with missing values. And then we will do the numeric substitution for all the values. 'S' -> 0, 'C' -> 1, 'Q' -> 2"
   ]
  },
  {
   "cell_type": "code",
   "execution_count": 6,
   "metadata": {
    "collapsed": true
   },
   "outputs": [],
   "source": [
    "titanic['Embarked'] = titanic['Embarked'].fillna('S')\n",
    "titanic.loc[titanic['Embarked'] == 'S', 'Embarked'] = 0\n",
    "titanic.loc[titanic['Embarked'] == 'C', 'Embarked'] = 1\n",
    "titanic.loc[titanic['Embarked'] == 'Q', 'Embarked'] = 2"
   ]
  },
  {
   "cell_type": "code",
   "execution_count": 7,
   "metadata": {
    "collapsed": false
   },
   "outputs": [
    {
     "name": "stdout",
     "output_type": "stream",
     "text": [
      "[0 1 2]\n"
     ]
    }
   ],
   "source": [
    "print(titanic[\"Embarked\"].unique())"
   ]
  },
  {
   "cell_type": "markdown",
   "metadata": {},
   "source": [
    "Lets do describe now"
   ]
  },
  {
   "cell_type": "code",
   "execution_count": 8,
   "metadata": {
    "collapsed": false
   },
   "outputs": [
    {
     "data": {
      "text/html": [
       "<div>\n",
       "<table border=\"1\" class=\"dataframe\">\n",
       "  <thead>\n",
       "    <tr style=\"text-align: right;\">\n",
       "      <th></th>\n",
       "      <th>Survived</th>\n",
       "      <th>Pclass</th>\n",
       "      <th>Age</th>\n",
       "      <th>SibSp</th>\n",
       "      <th>Parch</th>\n",
       "    </tr>\n",
       "  </thead>\n",
       "  <tbody>\n",
       "    <tr>\n",
       "      <th>count</th>\n",
       "      <td>891.000000</td>\n",
       "      <td>891.000000</td>\n",
       "      <td>891.000000</td>\n",
       "      <td>891.000000</td>\n",
       "      <td>891.000000</td>\n",
       "    </tr>\n",
       "    <tr>\n",
       "      <th>mean</th>\n",
       "      <td>0.383838</td>\n",
       "      <td>2.308642</td>\n",
       "      <td>29.361582</td>\n",
       "      <td>0.523008</td>\n",
       "      <td>0.381594</td>\n",
       "    </tr>\n",
       "    <tr>\n",
       "      <th>std</th>\n",
       "      <td>0.486592</td>\n",
       "      <td>0.836071</td>\n",
       "      <td>13.019697</td>\n",
       "      <td>1.102743</td>\n",
       "      <td>0.806057</td>\n",
       "    </tr>\n",
       "    <tr>\n",
       "      <th>min</th>\n",
       "      <td>0.000000</td>\n",
       "      <td>1.000000</td>\n",
       "      <td>0.420000</td>\n",
       "      <td>0.000000</td>\n",
       "      <td>0.000000</td>\n",
       "    </tr>\n",
       "    <tr>\n",
       "      <th>25%</th>\n",
       "      <td>0.000000</td>\n",
       "      <td>2.000000</td>\n",
       "      <td>22.000000</td>\n",
       "      <td>0.000000</td>\n",
       "      <td>0.000000</td>\n",
       "    </tr>\n",
       "    <tr>\n",
       "      <th>50%</th>\n",
       "      <td>0.000000</td>\n",
       "      <td>3.000000</td>\n",
       "      <td>28.000000</td>\n",
       "      <td>0.000000</td>\n",
       "      <td>0.000000</td>\n",
       "    </tr>\n",
       "    <tr>\n",
       "      <th>75%</th>\n",
       "      <td>1.000000</td>\n",
       "      <td>3.000000</td>\n",
       "      <td>35.000000</td>\n",
       "      <td>1.000000</td>\n",
       "      <td>0.000000</td>\n",
       "    </tr>\n",
       "    <tr>\n",
       "      <th>max</th>\n",
       "      <td>1.000000</td>\n",
       "      <td>3.000000</td>\n",
       "      <td>80.000000</td>\n",
       "      <td>8.000000</td>\n",
       "      <td>6.000000</td>\n",
       "    </tr>\n",
       "  </tbody>\n",
       "</table>\n",
       "</div>"
      ],
      "text/plain": [
       "         Survived      Pclass         Age       SibSp       Parch\n",
       "count  891.000000  891.000000  891.000000  891.000000  891.000000\n",
       "mean     0.383838    2.308642   29.361582    0.523008    0.381594\n",
       "std      0.486592    0.836071   13.019697    1.102743    0.806057\n",
       "min      0.000000    1.000000    0.420000    0.000000    0.000000\n",
       "25%      0.000000    2.000000   22.000000    0.000000    0.000000\n",
       "50%      0.000000    3.000000   28.000000    0.000000    0.000000\n",
       "75%      1.000000    3.000000   35.000000    1.000000    0.000000\n",
       "max      1.000000    3.000000   80.000000    8.000000    6.000000"
      ]
     },
     "execution_count": 8,
     "metadata": {},
     "output_type": "execute_result"
    }
   ],
   "source": [
    "titanic.describe()"
   ]
  },
  {
   "cell_type": "markdown",
   "metadata": {},
   "source": [
    "Even now **Sex** and **Embarked** column is not visible in the describe.\n",
    "Lets see the dtype of both the columns' value."
   ]
  },
  {
   "cell_type": "code",
   "execution_count": 9,
   "metadata": {
    "collapsed": false
   },
   "outputs": [
    {
     "name": "stdout",
     "output_type": "stream",
     "text": [
      "object\n",
      "object\n"
     ]
    }
   ],
   "source": [
    "print titanic['Sex'].dtype\n",
    "print titanic['Embarked'].dtype"
   ]
  },
  {
   "cell_type": "markdown",
   "metadata": {},
   "source": [
    "For describe to work on **Sex** and **Embarked** columns, the dtype should be int.\n",
    "So now lets convert the dtype using `astype(np.int64)`"
   ]
  },
  {
   "cell_type": "code",
   "execution_count": 10,
   "metadata": {
    "collapsed": true
   },
   "outputs": [],
   "source": [
    "titanic['Embarked'] = titanic['Embarked'].astype(np.int64)\n",
    "titanic['Sex'] = titanic['Sex'].astype(np.int64)"
   ]
  },
  {
   "cell_type": "markdown",
   "metadata": {},
   "source": [
    "Lets do describe again"
   ]
  },
  {
   "cell_type": "code",
   "execution_count": 11,
   "metadata": {
    "collapsed": false
   },
   "outputs": [
    {
     "data": {
      "text/html": [
       "<div>\n",
       "<table border=\"1\" class=\"dataframe\">\n",
       "  <thead>\n",
       "    <tr style=\"text-align: right;\">\n",
       "      <th></th>\n",
       "      <th>Survived</th>\n",
       "      <th>Pclass</th>\n",
       "      <th>Sex</th>\n",
       "      <th>Age</th>\n",
       "      <th>SibSp</th>\n",
       "      <th>Parch</th>\n",
       "      <th>Embarked</th>\n",
       "    </tr>\n",
       "  </thead>\n",
       "  <tbody>\n",
       "    <tr>\n",
       "      <th>count</th>\n",
       "      <td>891.000000</td>\n",
       "      <td>891.000000</td>\n",
       "      <td>891.000000</td>\n",
       "      <td>891.000000</td>\n",
       "      <td>891.000000</td>\n",
       "      <td>891.000000</td>\n",
       "      <td>891.000000</td>\n",
       "    </tr>\n",
       "    <tr>\n",
       "      <th>mean</th>\n",
       "      <td>0.383838</td>\n",
       "      <td>2.308642</td>\n",
       "      <td>0.352413</td>\n",
       "      <td>29.361582</td>\n",
       "      <td>0.523008</td>\n",
       "      <td>0.381594</td>\n",
       "      <td>0.361392</td>\n",
       "    </tr>\n",
       "    <tr>\n",
       "      <th>std</th>\n",
       "      <td>0.486592</td>\n",
       "      <td>0.836071</td>\n",
       "      <td>0.477990</td>\n",
       "      <td>13.019697</td>\n",
       "      <td>1.102743</td>\n",
       "      <td>0.806057</td>\n",
       "      <td>0.635673</td>\n",
       "    </tr>\n",
       "    <tr>\n",
       "      <th>min</th>\n",
       "      <td>0.000000</td>\n",
       "      <td>1.000000</td>\n",
       "      <td>0.000000</td>\n",
       "      <td>0.420000</td>\n",
       "      <td>0.000000</td>\n",
       "      <td>0.000000</td>\n",
       "      <td>0.000000</td>\n",
       "    </tr>\n",
       "    <tr>\n",
       "      <th>25%</th>\n",
       "      <td>0.000000</td>\n",
       "      <td>2.000000</td>\n",
       "      <td>0.000000</td>\n",
       "      <td>22.000000</td>\n",
       "      <td>0.000000</td>\n",
       "      <td>0.000000</td>\n",
       "      <td>0.000000</td>\n",
       "    </tr>\n",
       "    <tr>\n",
       "      <th>50%</th>\n",
       "      <td>0.000000</td>\n",
       "      <td>3.000000</td>\n",
       "      <td>0.000000</td>\n",
       "      <td>28.000000</td>\n",
       "      <td>0.000000</td>\n",
       "      <td>0.000000</td>\n",
       "      <td>0.000000</td>\n",
       "    </tr>\n",
       "    <tr>\n",
       "      <th>75%</th>\n",
       "      <td>1.000000</td>\n",
       "      <td>3.000000</td>\n",
       "      <td>1.000000</td>\n",
       "      <td>35.000000</td>\n",
       "      <td>1.000000</td>\n",
       "      <td>0.000000</td>\n",
       "      <td>1.000000</td>\n",
       "    </tr>\n",
       "    <tr>\n",
       "      <th>max</th>\n",
       "      <td>1.000000</td>\n",
       "      <td>3.000000</td>\n",
       "      <td>1.000000</td>\n",
       "      <td>80.000000</td>\n",
       "      <td>8.000000</td>\n",
       "      <td>6.000000</td>\n",
       "      <td>2.000000</td>\n",
       "    </tr>\n",
       "  </tbody>\n",
       "</table>\n",
       "</div>"
      ],
      "text/plain": [
       "         Survived      Pclass         Sex         Age       SibSp       Parch  \\\n",
       "count  891.000000  891.000000  891.000000  891.000000  891.000000  891.000000   \n",
       "mean     0.383838    2.308642    0.352413   29.361582    0.523008    0.381594   \n",
       "std      0.486592    0.836071    0.477990   13.019697    1.102743    0.806057   \n",
       "min      0.000000    1.000000    0.000000    0.420000    0.000000    0.000000   \n",
       "25%      0.000000    2.000000    0.000000   22.000000    0.000000    0.000000   \n",
       "50%      0.000000    3.000000    0.000000   28.000000    0.000000    0.000000   \n",
       "75%      1.000000    3.000000    1.000000   35.000000    1.000000    0.000000   \n",
       "max      1.000000    3.000000    1.000000   80.000000    8.000000    6.000000   \n",
       "\n",
       "         Embarked  \n",
       "count  891.000000  \n",
       "mean     0.361392  \n",
       "std      0.635673  \n",
       "min      0.000000  \n",
       "25%      0.000000  \n",
       "50%      0.000000  \n",
       "75%      1.000000  \n",
       "max      2.000000  "
      ]
     },
     "execution_count": 11,
     "metadata": {},
     "output_type": "execute_result"
    }
   ],
   "source": [
    "titanic.describe()"
   ]
  },
  {
   "cell_type": "markdown",
   "metadata": {},
   "source": [
    "Now **Sex** and **Embarked** columns are also \"described\"."
   ]
  },
  {
   "cell_type": "markdown",
   "metadata": {},
   "source": [
    "## Explore ##\n",
    "Now lets do some exploration on the data.\n",
    "### Covariance ###\n"
   ]
  },
  {
   "cell_type": "code",
   "execution_count": 12,
   "metadata": {
    "collapsed": false
   },
   "outputs": [
    {
     "data": {
      "text/html": [
       "<div>\n",
       "<table border=\"1\" class=\"dataframe\">\n",
       "  <thead>\n",
       "    <tr style=\"text-align: right;\">\n",
       "      <th></th>\n",
       "      <th>Survived</th>\n",
       "      <th>Pclass</th>\n",
       "      <th>Sex</th>\n",
       "      <th>Age</th>\n",
       "      <th>SibSp</th>\n",
       "      <th>Parch</th>\n",
       "      <th>Embarked</th>\n",
       "    </tr>\n",
       "  </thead>\n",
       "  <tbody>\n",
       "    <tr>\n",
       "      <th>Survived</th>\n",
       "      <td>0.236772</td>\n",
       "      <td>-0.137703</td>\n",
       "      <td>0.126376</td>\n",
       "      <td>-0.411226</td>\n",
       "      <td>-0.018954</td>\n",
       "      <td>0.032017</td>\n",
       "      <td>0.033038</td>\n",
       "    </tr>\n",
       "    <tr>\n",
       "      <th>Pclass</th>\n",
       "      <td>-0.137703</td>\n",
       "      <td>0.699015</td>\n",
       "      <td>-0.052712</td>\n",
       "      <td>-3.699927</td>\n",
       "      <td>0.076599</td>\n",
       "      <td>0.012429</td>\n",
       "      <td>0.024289</td>\n",
       "    </tr>\n",
       "    <tr>\n",
       "      <th>Sex</th>\n",
       "      <td>0.126376</td>\n",
       "      <td>-0.052712</td>\n",
       "      <td>0.228475</td>\n",
       "      <td>-0.505098</td>\n",
       "      <td>0.060422</td>\n",
       "      <td>0.094584</td>\n",
       "      <td>0.035419</td>\n",
       "    </tr>\n",
       "    <tr>\n",
       "      <th>Age</th>\n",
       "      <td>-0.411226</td>\n",
       "      <td>-3.699927</td>\n",
       "      <td>-0.505098</td>\n",
       "      <td>169.512498</td>\n",
       "      <td>-3.349525</td>\n",
       "      <td>-1.810133</td>\n",
       "      <td>-0.075853</td>\n",
       "    </tr>\n",
       "    <tr>\n",
       "      <th>SibSp</th>\n",
       "      <td>-0.018954</td>\n",
       "      <td>0.076599</td>\n",
       "      <td>0.060422</td>\n",
       "      <td>-3.349525</td>\n",
       "      <td>1.216043</td>\n",
       "      <td>0.368739</td>\n",
       "      <td>-0.042032</td>\n",
       "    </tr>\n",
       "    <tr>\n",
       "      <th>Parch</th>\n",
       "      <td>0.032017</td>\n",
       "      <td>0.012429</td>\n",
       "      <td>0.094584</td>\n",
       "      <td>-1.810133</td>\n",
       "      <td>0.368739</td>\n",
       "      <td>0.649728</td>\n",
       "      <td>-0.040307</td>\n",
       "    </tr>\n",
       "    <tr>\n",
       "      <th>Embarked</th>\n",
       "      <td>0.033038</td>\n",
       "      <td>0.024289</td>\n",
       "      <td>0.035419</td>\n",
       "      <td>-0.075853</td>\n",
       "      <td>-0.042032</td>\n",
       "      <td>-0.040307</td>\n",
       "      <td>0.404081</td>\n",
       "    </tr>\n",
       "  </tbody>\n",
       "</table>\n",
       "</div>"
      ],
      "text/plain": [
       "          Survived    Pclass       Sex         Age     SibSp     Parch  \\\n",
       "Survived  0.236772 -0.137703  0.126376   -0.411226 -0.018954  0.032017   \n",
       "Pclass   -0.137703  0.699015 -0.052712   -3.699927  0.076599  0.012429   \n",
       "Sex       0.126376 -0.052712  0.228475   -0.505098  0.060422  0.094584   \n",
       "Age      -0.411226 -3.699927 -0.505098  169.512498 -3.349525 -1.810133   \n",
       "SibSp    -0.018954  0.076599  0.060422   -3.349525  1.216043  0.368739   \n",
       "Parch     0.032017  0.012429  0.094584   -1.810133  0.368739  0.649728   \n",
       "Embarked  0.033038  0.024289  0.035419   -0.075853 -0.042032 -0.040307   \n",
       "\n",
       "          Embarked  \n",
       "Survived  0.033038  \n",
       "Pclass    0.024289  \n",
       "Sex       0.035419  \n",
       "Age      -0.075853  \n",
       "SibSp    -0.042032  \n",
       "Parch    -0.040307  \n",
       "Embarked  0.404081  "
      ]
     },
     "execution_count": 12,
     "metadata": {},
     "output_type": "execute_result"
    }
   ],
   "source": [
    "titanic.cov()"
   ]
  },
  {
   "cell_type": "markdown",
   "metadata": {},
   "source": [
    "### Correlation ###\n"
   ]
  },
  {
   "cell_type": "code",
   "execution_count": 13,
   "metadata": {
    "collapsed": false
   },
   "outputs": [
    {
     "data": {
      "text/html": [
       "<div>\n",
       "<table border=\"1\" class=\"dataframe\">\n",
       "  <thead>\n",
       "    <tr style=\"text-align: right;\">\n",
       "      <th></th>\n",
       "      <th>Survived</th>\n",
       "      <th>Pclass</th>\n",
       "      <th>Sex</th>\n",
       "      <th>Age</th>\n",
       "      <th>SibSp</th>\n",
       "      <th>Parch</th>\n",
       "      <th>Embarked</th>\n",
       "    </tr>\n",
       "  </thead>\n",
       "  <tbody>\n",
       "    <tr>\n",
       "      <th>Survived</th>\n",
       "      <td>1.000000</td>\n",
       "      <td>-0.338481</td>\n",
       "      <td>0.543351</td>\n",
       "      <td>-0.064910</td>\n",
       "      <td>-0.035322</td>\n",
       "      <td>0.081629</td>\n",
       "      <td>0.106811</td>\n",
       "    </tr>\n",
       "    <tr>\n",
       "      <th>Pclass</th>\n",
       "      <td>-0.338481</td>\n",
       "      <td>1.000000</td>\n",
       "      <td>-0.131900</td>\n",
       "      <td>-0.339898</td>\n",
       "      <td>0.083081</td>\n",
       "      <td>0.018443</td>\n",
       "      <td>0.045702</td>\n",
       "    </tr>\n",
       "    <tr>\n",
       "      <th>Sex</th>\n",
       "      <td>0.543351</td>\n",
       "      <td>-0.131900</td>\n",
       "      <td>1.000000</td>\n",
       "      <td>-0.081163</td>\n",
       "      <td>0.114631</td>\n",
       "      <td>0.245489</td>\n",
       "      <td>0.116569</td>\n",
       "    </tr>\n",
       "    <tr>\n",
       "      <th>Age</th>\n",
       "      <td>-0.064910</td>\n",
       "      <td>-0.339898</td>\n",
       "      <td>-0.081163</td>\n",
       "      <td>1.000000</td>\n",
       "      <td>-0.233296</td>\n",
       "      <td>-0.172482</td>\n",
       "      <td>-0.009165</td>\n",
       "    </tr>\n",
       "    <tr>\n",
       "      <th>SibSp</th>\n",
       "      <td>-0.035322</td>\n",
       "      <td>0.083081</td>\n",
       "      <td>0.114631</td>\n",
       "      <td>-0.233296</td>\n",
       "      <td>1.000000</td>\n",
       "      <td>0.414838</td>\n",
       "      <td>-0.059961</td>\n",
       "    </tr>\n",
       "    <tr>\n",
       "      <th>Parch</th>\n",
       "      <td>0.081629</td>\n",
       "      <td>0.018443</td>\n",
       "      <td>0.245489</td>\n",
       "      <td>-0.172482</td>\n",
       "      <td>0.414838</td>\n",
       "      <td>1.000000</td>\n",
       "      <td>-0.078665</td>\n",
       "    </tr>\n",
       "    <tr>\n",
       "      <th>Embarked</th>\n",
       "      <td>0.106811</td>\n",
       "      <td>0.045702</td>\n",
       "      <td>0.116569</td>\n",
       "      <td>-0.009165</td>\n",
       "      <td>-0.059961</td>\n",
       "      <td>-0.078665</td>\n",
       "      <td>1.000000</td>\n",
       "    </tr>\n",
       "  </tbody>\n",
       "</table>\n",
       "</div>"
      ],
      "text/plain": [
       "          Survived    Pclass       Sex       Age     SibSp     Parch  Embarked\n",
       "Survived  1.000000 -0.338481  0.543351 -0.064910 -0.035322  0.081629  0.106811\n",
       "Pclass   -0.338481  1.000000 -0.131900 -0.339898  0.083081  0.018443  0.045702\n",
       "Sex       0.543351 -0.131900  1.000000 -0.081163  0.114631  0.245489  0.116569\n",
       "Age      -0.064910 -0.339898 -0.081163  1.000000 -0.233296 -0.172482 -0.009165\n",
       "SibSp    -0.035322  0.083081  0.114631 -0.233296  1.000000  0.414838 -0.059961\n",
       "Parch     0.081629  0.018443  0.245489 -0.172482  0.414838  1.000000 -0.078665\n",
       "Embarked  0.106811  0.045702  0.116569 -0.009165 -0.059961 -0.078665  1.000000"
      ]
     },
     "execution_count": 13,
     "metadata": {},
     "output_type": "execute_result"
    }
   ],
   "source": [
    "titanic.corr()"
   ]
  },
  {
   "cell_type": "markdown",
   "metadata": {},
   "source": [
    "### Plotting ##"
   ]
  },
  {
   "cell_type": "markdown",
   "metadata": {},
   "source": [
    "### Age vs Survival ###"
   ]
  },
  {
   "cell_type": "code",
   "execution_count": 204,
   "metadata": {
    "collapsed": false
   },
   "outputs": [
    {
     "name": "stdout",
     "output_type": "stream",
     "text": [
      "[143  19  17  17  16  16  15  15  12  12  12  11  11  10   9   9   9   9\n",
      "   9   8   7   7   7   7   7   7   7   6   6   6   5   5   5   5   4   4\n",
      "   3   3   3   3   3   3   3   3   2   2   2   2   2   2   2   2   2   2\n",
      "   2   2   2   2   2   2   2   2   1   1   1   1   1   1   1   1   1   1\n",
      "   1   1   1   1   1]\n"
     ]
    },
    {
     "ename": "TypeError",
     "evalue": "scatter() takes at least 2 arguments (1 given)",
     "output_type": "error",
     "traceback": [
      "\u001b[0;31m---------------------------------------------------------------------------\u001b[0m",
      "\u001b[0;31mTypeError\u001b[0m                                 Traceback (most recent call last)",
      "\u001b[0;32m<ipython-input-204-1bc74e84db19>\u001b[0m in \u001b[0;36m<module>\u001b[0;34m()\u001b[0m\n\u001b[1;32m     15\u001b[0m \u001b[0;31m#print dir(titanic.groupby('Survived')['Age'].value_counts()[0])\u001b[0m\u001b[0;34m\u001b[0m\u001b[0;34m\u001b[0m\u001b[0m\n\u001b[1;32m     16\u001b[0m \u001b[0;32mprint\u001b[0m \u001b[0mtitanic\u001b[0m\u001b[0;34m.\u001b[0m\u001b[0mgroupby\u001b[0m\u001b[0;34m(\u001b[0m\u001b[0;34m'Survived'\u001b[0m\u001b[0;34m)\u001b[0m\u001b[0;34m[\u001b[0m\u001b[0;34m'Age'\u001b[0m\u001b[0;34m]\u001b[0m\u001b[0;34m.\u001b[0m\u001b[0mvalue_counts\u001b[0m\u001b[0;34m(\u001b[0m\u001b[0;34m)\u001b[0m\u001b[0;34m[\u001b[0m\u001b[0;36m0\u001b[0m\u001b[0;34m]\u001b[0m\u001b[0;34m.\u001b[0m\u001b[0mvalues\u001b[0m\u001b[0;34m\u001b[0m\u001b[0m\n\u001b[0;32m---> 17\u001b[0;31m \u001b[0mplt\u001b[0m\u001b[0;34m.\u001b[0m\u001b[0mscatter\u001b[0m\u001b[0;34m(\u001b[0m\u001b[0mtitanic\u001b[0m\u001b[0;34m.\u001b[0m\u001b[0mgroupby\u001b[0m\u001b[0;34m(\u001b[0m\u001b[0;34m'Survived'\u001b[0m\u001b[0;34m)\u001b[0m\u001b[0;34m[\u001b[0m\u001b[0;34m'Age'\u001b[0m\u001b[0;34m]\u001b[0m\u001b[0;34m.\u001b[0m\u001b[0mvalue_counts\u001b[0m\u001b[0;34m(\u001b[0m\u001b[0;34m)\u001b[0m\u001b[0;34m[\u001b[0m\u001b[0;36m0\u001b[0m\u001b[0;34m]\u001b[0m\u001b[0;34m.\u001b[0m\u001b[0mvalues\u001b[0m\u001b[0;34m)\u001b[0m\u001b[0;34m\u001b[0m\u001b[0m\n\u001b[0m",
      "\u001b[0;31mTypeError\u001b[0m: scatter() takes at least 2 arguments (1 given)"
     ]
    }
   ],
   "source": [
    "# print plots inline\n",
    "%matplotlib inline\n",
    "# Beautify the plot\n",
    "import seaborn as sns\n",
    "import matplotlib.patches as mpatches\n",
    "\n",
    "# plt.figure()\n",
    "# age_plt = titanic.groupby('Survived')['Age'].hist(stagged=True, bins=[10,20,30,40,50,60,70,80,90])\n",
    "# plt.xlabel(\"Age\")\n",
    "# plt.ylabel(\"Count\")\n",
    "\n",
    "# not_survived = mpatches.Patch(color='green', label='Not Survived')\n",
    "# survived = mpatches.Patch(label='Survived')\n",
    "# plt.legend(handles=[not_survived, survived])\n",
    "#print dir(titanic.groupby('Survived')['Age'].value_counts()[0])\n",
    "print titanic.groupby('Survived')['Age'].value_counts()[0].values\n",
    "plt.scatter(titanic.groupby('Survived')['Age'].value_counts()[0].values)"
   ]
  },
  {
   "cell_type": "markdown",
   "metadata": {},
   "source": [
    "### Sex vs Survival ###"
   ]
  },
  {
   "cell_type": "code",
   "execution_count": 15,
   "metadata": {
    "collapsed": false
   },
   "outputs": [
    {
     "data": {
      "text/plain": [
       "Survived\n",
       "0    Axes(0.125,0.125;0.775x0.775)\n",
       "1    Axes(0.125,0.125;0.775x0.775)\n",
       "Name: Sex, dtype: object"
      ]
     },
     "execution_count": 15,
     "metadata": {},
     "output_type": "execute_result"
    },
    {
     "data": {
